1958 1 -0.341625
1958 2 -0.128574
1958 3 -0.240299
1958 4 -0.25639
1958 5 -0.380765
1958 6 -0.74786
1958 7 -0.950276
1958 8 -1.06091
1958 9 -1.04869
1958 10 -0.678153
1958 11 -0.514056
1958 12 -0.562776
1959 1 0.0352129
1959 2 -0.417781
1959 3 -0.384559
1959 4 -0.270645
1959 5 -0.621974
1959 6 -0.64259
1959 7 -0.550414
1959 8 -0.709348
1959 9 -0.586834
1959 10 -0.306045
1959 11 -0.423026
1959 12 -0.281671
1960 1 -0.168397
1960 2 0.0767351
1960 3 -0.289233
1960 4 -0.649254
1960 5 -0.618147
1960 6 -0.576704
1960 7 -0.622808
1960 8 -0.387104
1960 9 -0.329741
1960 10 -0.617739
1960 11 -0.650709
1960 12 -0.556781
1961 1 -0.076849
1961 2 0.0384241
1961 3 0.014788
1961 4 -0.515322
1961 5 -0.323163
1961 6 0.0969846
1961 7 0.733275
1961 8 0.965772
1961 9 0.789631
1961 10 0.725349
1961 11 0.464469
1961 12 0.371509
1962 1 0.56891
1962 2 0.652104
1962 3 0.487028
1962 4 0.0678071
1962 5 -0.265892
1962 6 -0.357497
1962 7 -0.351983
1962 8 -0.101677
1962 9 0.0610884
1962 10 -0.0426877
1962 11 -0.0524288
1962 12 0.00869577
1963 1 0.391106
1963 2 0.507412
1963 3 0.337783
1963 4 0.0273053
1963 5 -0.214143
1963 6 -0.151758
1963 7 0.318195
1963 8 0.661665
1963 9 0.321626
1963 10 0.703131
1963 11 0.463541
1963 12 0.00827277
1964 1 -0.400682
1964 2 -0.578174
1964 3 -0.178003
1964 4 -0.144341
1964 5 -0.410011
1964 6 -0.243954
1964 7 -0.71251
1964 8 -0.480379
1964 9 -0.725893
1964 10 -0.738655
1964 11 -0.125104
1964 12 -0.101698
1965 1 -0.268633
1965 2 -0.337244
1965 3 -0.0512032
1965 4 -0.200014
1965 5 -0.424443
1965 6 -0.382224
1965 7 -0.363004
1965 8 -0.0526023
1965 9 0.0460342
1965 10 0.290399
1965 11 -0.0806289
1965 12 -0.22209
1966 1 -0.17327
1966 2 -0.0527427
1966 3 -0.211038
1966 4 -0.34929
1966 5 -0.312807
1966 6 -0.0195486
1966 7 0.103042
1966 8 0.316188
1966 9 0.345257
1966 10 -0.0236367
1966 11 -0.209142
1966 12 -0.167453
1967 1 -0.170401
1967 2 0.0449061
1967 3 0.381483
1967 4 -0.186942
1967 5 -0.0638849
1967 6 0.131901
1967 7 0.233635
1967 8 0.305061
1967 9 0.376182
1967 10 0.425008
1967 11 0.164673
1967 12 0.118603
1968 1 0.2654
1968 2 0.439258
1968 3 0.287068
1968 4 0.147491
1968 5 -0.0200247
1968 6 0.17383
1968 7 -0.41593
1968 8 -0.263685
1968 9 -0.48452
1968 10 -0.248571
1968 11 -0.297577
1968 12 -0.142127
1969 1 -0.100674
1969 2 -0.0526794
1969 3 0.19641
1969 4 0.038029
1969 5 -0.0485614
1969 6 -0.518136
1969 7 -0.294742
1969 8 -0.15607
1969 9 -0.00796241
1969 10 0.0764156
1969 11 0.14072
1969 12 -0.0176682
1970 1 0.358878
1970 2 0.433407
1970 3 0.197702
1970 4 0.300115
1970 5 0.286837
1970 6 -0.290684
1970 7 -0.46374
1970 8 -0.161087
1970 9 -0.355536
1970 10 -0.356833
1970 11 -0.151479
1970 12 -0.162318
1971 1 0.254734
1971 2 0.119538
1971 3 0.338865
1971 4 0.329122
1971 5 0.0416439
1971 6 -0.133535
1971 7 -0.242108
1971 8 -0.344847
1971 9 -0.494769
1971 10 -0.343693
1971 11 0.16905
1971 12 0.286271
1972 1 0.206238
1972 2 -0.106826
1972 3 0.161145
1972 4 0.208478
1972 5 0.262733
1972 6 0.830504
1972 7 0.810256
1972 8 0.704482
1972 9 0.604216
1972 10 0.596392
1972 11 0.807805
1972 12 0.53701
1973 1 0.0995409
1973 2 0.0331917
1973 3 0.128183
1973 4 -0.0306847
1973 5 0.193284
1973 6 -0.126458
1973 7 -0.385657
1973 8 -0.404106
1973 9 -0.518592
1973 10 -0.148905
1973 11 0.00832356
1973 12 0.130692
1974 1 0.344881
1974 2 0.269119
1974 3 0.384978
1974 4 0.0320553
1974 5 -0.129638
1974 6 0.0708652
1974 7 -0.138139
1974 8 -0.303747
1974 9 -0.410009
1974 10 -0.553447
1974 11 -0.386368
1974 12 -0.280326
1975 1 -0.300715
1975 2 -0.139151
1975 3 -0.323269
1975 4 0.171772
1975 5 0.177095
1975 6 0.152262
1975 7 0.0627536
1975 8 -0.154508
1975 9 -0.606843
1975 10 -0.765436
1975 11 -0.177168
1975 12 -0.0972632
1976 1 0.0717116
1976 2 0.187845
1976 3 0.150566
1976 4 0.206313
1976 5 0.106436
1976 6 0.461075
1976 7 0.680504
1976 8 0.288749
1976 9 0.0237006
1976 10 0.0432572
1976 11 -0.0319661
1976 12 0.0993069
1977 1 0.0563673
1977 2 -0.148107
1977 3 0.304307
1977 4 0.0576741
1977 5 -0.233791
1977 6 -0.0036406
1977 7 -0.0703442
1977 8 -0.0797628
1977 9 -0.0234939
1977 10 0.508337
1977 11 0.00853204
1977 12 0.0361778
1978 1 -0.574443
1978 2 -0.422009
1978 3 -0.451059
1978 4 -0.13634
1978 5 -0.430833
1978 6 -0.0886185
1978 7 -0.00761534
1978 8 -0.0206725
1978 9 -0.0119028
1978 10 -0.216233
1978 11 -0.299892
1978 12 -0.185714
1979 1 0.371128
1979 2 -0.0466339
1979 3 0.0966265
1979 4 -0.126614
1979 5 -0.337867
1979 6 0.195632
1979 7 -0.21121
1979 8 -0.0391563
1979 9 -0.034269
1979 10 -0.0312404
1979 11 -0.0975151
1979 12 -0.0302508
1980 1 -0.0982612
1980 2 -0.0923293
1980 3 -0.284071
1980 4 -0.00856871
1980 5 0.044806
1980 6 -0.280047
1980 7 -0.541025
1980 8 -0.615728
1980 9 -0.487826
1980 10 -0.376088
1980 11 -0.273957
1980 12 -0.420856
1981 1 -0.142988
1981 2 0.0765479
1981 3 0.152524
1981 4 0.168465
1981 5 0.0852718
1981 6 -0.140876
1981 7 -0.448501
1981 8 -0.425506
1981 9 -0.5006
1981 10 -0.322201
1981 11 -0.175039
1981 12 0.0539255
1982 1 0.204107
1982 2 0.278445
1982 3 0.18472
1982 4 0.200094
1982 5 0.330607
1982 6 0.351709
1982 7 0.372591
1982 8 0.445125
1982 9 0.682173
1982 10 0.895744
1982 11 0.428973
1982 12 -0.0928969
1983 1 -0.420533
1983 2 -0.476342
1983 3 -0.61476
1983 4 -0.464815
1983 5 0.0532378
1983 6 0.469985
1983 7 0.630153
1983 8 0.539529
1983 9 0.176615
1983 10 -0.00520417
1983 11 -0.182714
1983 12 -0.0256588
1984 1 -0.16134
1984 2 -0.0382688
1984 3 0.0160474
1984 4 0.139962
1984 5 -0.18638
1984 6 -0.252128
1984 7 -0.250303
1984 8 -0.29626
1984 9 -0.353166
1984 10 -0.366408
1984 11 -0.260116
1984 12 -0.202981
1985 1 -0.401306
1985 2 -0.517474
1985 3 -0.403642
1985 4 -0.11875
1985 5 -0.113501
1985 6 -0.524339
1985 7 -0.291797
1985 8 -0.260114
1985 9 0.00674886
1985 10 -0.217654
1985 11 0.225615
1985 12 -0.347667
1986 1 -0.0503806
1986 2 -0.0277315
1986 3 -0.067044
1986 4 -0.200567
1986 5 -0.045295
1986 6 -0.181281
1986 7 -0.443415
1986 8 -0.213305
1986 9 0.0912642
1986 10 0.223593
1986 11 -0.0975758
1986 12 -0.208185
1987 1 -0.0266843
1987 2 0.15047
1987 3 -0.00928144
1987 4 -0.071471
1987 5 0.277581
1987 6 0.203612
1987 7 0.306585
1987 8 0.482703
1987 9 0.628753
1987 10 0.525589
1987 11 0.0976429
1987 12 0.220783
1988 1 0.408839
1988 2 -0.0422359
1988 3 -0.178918
1988 4 -0.0421869
1988 5 -0.396293
1988 6 -0.165814
1988 7 -0.0386963
1988 8 -0.0940461
1988 9 -0.153021
1988 10 -0.236026
1988 11 -0.0234303
1988 12 0.234439
1989 1 -0.213412
1989 2 0.0687677
1989 3 -0.182168
1989 4 -0.390574
1989 5 -0.47905
1989 6 -0.674337
1989 7 -0.331808
1989 8 -0.116267
1989 9 0.0241912
1989 10 -0.128689
1989 11 -0.187871
1989 12 -0.0982136
1990 1 -0.0475928
1990 2 -0.181849
1990 3 -0.0102865
1990 4 -0.301421
1990 5 -0.238732
1990 6 -0.469496
1990 7 -0.144914
1990 8 -0.196794
1990 9 0.0602167
1990 10 -0.0654078
1990 11 0.0560838
1990 12 0.0724827
1991 1 0.116677
1991 2 0.00234066
1991 3 0.0891464
1991 4 0.363393
1991 5 0.482073
1991 6 0.351979
1991 7 0.364314
1991 8 0.240622
1991 9 0.333165
1991 10 0.235216
1991 11 0.180275
1991 12 0.13694
1992 1 -0.269059
1992 2 -0.287018
1992 3 -0.543782
1992 4 -0.470844
1992 5 -0.437556
1992 6 -0.758561
1992 7 -0.37007
1992 8 -0.572835
1992 9 -0.588069
1992 10 -0.348359
1992 11 -0.247398
1992 12 -0.246751
1993 1 -0.143528
1993 2 0.137135
1993 3 -0.169266
1993 4 -0.10372
1993 5 0.0821251
1993 6 -0.0108631
1993 7 -0.0523029
1993 8 -0.117978
1993 9 0.0679143
1993 10 0.116661
1993 11 -0.00511973
1993 12 -0.140309
1994 1 0.0799244
1994 2 -0.0368759
1994 3 0.323279
1994 4 0.419966
1994 5 0.641831
1994 6 0.520307
1994 7 0.648296
1994 8 0.987723
1994 9 0.765561
1994 10 0.969385
1994 11 0.433864
1994 12 0.331368
1995 1 0.192718
1995 2 0.262459
1995 3 0.0792527
1995 4 -0.136159
1995 5 -0.141389
1995 6 0.0206314
1995 7 -0.0634529
1995 8 0.0517806
1995 9 0.0664238
1995 10 -0.083501
1995 11 -0.13937
1995 12 0.160784
1996 1 0.0371597
1996 2 0.080703
1996 3 0.0534669
1996 4 -0.27855
1996 5 -0.153035
1996 6 -0.293395
1996 7 -0.534389
1996 8 -0.483386
1996 9 -0.464889
1996 10 -0.823357
1996 11 -0.639985
1996 12 -0.343107
1997 1 -0.0443683
1997 2 0.182808
1997 3 0.171905
1997 4 0.133034
1997 5 0.137297
1997 6 0.182514
1997 7 0.55335
1997 8 0.824467
1997 9 1.00522
1997 10 1.14567
1997 11 1.4156
1997 12 0.928016
1998 1 0.573091
1998 2 0.53059
1998 3 0.0835587
1998 4 0.13649
1998 5 0.252555
1998 6 0.250147
1998 7 -0.26582
1998 8 -0.368254
1998 9 -0.237496
1998 10 -0.449989
1998 11 -0.492644
1998 12 -0.26006
1999 1 -0.0610755
1999 2 0.0807773
1999 3 0.24255
1999 4 0.0823188
1999 5 -0.0715935
1999 6 -0.0384068
1999 7 0.214705
1999 8 0.211581
1999 9 0.193512
1999 10 0.0886446
1999 11 0.0392879
1999 12 -0.0747414
2000 1 -0.0614298
2000 2 0.102114
2000 3 0.276426
2000 4 0.232129
2000 5 0.226377
2000 6 0.080573
2000 7 0.188062
2000 8 0.330511
2000 9 0.155267
2000 10 0.133356
2000 11 -0.152928
2000 12 -0.173216
2001 1 -0.368643
2001 2 0.091036
2001 3 0.116705
2001 4 0.22129
2001 5 0.246706
2001 6 0.22536
2001 7 -0.031316
2001 8 -0.10381
2001 9 0.0180753
2001 10 -0.16926
2001 11 -0.091347
2001 12 0.0146908
2002 1 -0.0834128
2002 2 0.0151713
2002 3 0.139524
2002 4 -0.268546
2002 5 -0.218232
2002 6 -0.0895815
2002 7 -0.152584
2002 8 -0.0187475
2002 9 0.52685
2002 10 0.674105
2002 11 0.241132
2002 12 -0.0911616
2003 1 -0.186593
2003 2 0.127567
2003 3 0.0868308
2003 4 -0.0177184
2003 5 -0.0529137
2003 6 0.234985
2003 7 0.234254
2003 8 0.297694
2003 9 0.18216
2003 10 0.0355009
2003 11 -0.0128025
2003 12 0.250876
2004 1 0.101822
2004 2 0.221548
2004 3 0.215208
2004 4 0.00385185
2004 5 -0.450547
2004 6 -0.290372
2004 7 -0.194901
2004 8 0.0565114
2004 9 0.135797
2004 10 0.270797
2004 11 -0.0130602
2004 12 -0.0658068
2005 1 -0.0687415
2005 2 -0.44783
2005 3 -0.301246
2005 4 0.165537
2005 5 0.0772914
2005 6 -0.0792971
2005 7 -0.27469
2005 8 -0.150589
2005 9 -0.2892
2005 10 -0.155378
2005 11 -0.121247
2005 12 -0.224277
2006 1 -0.0677921
2006 2 -0.191343
2006 3 -0.0933103
2006 4 0.0688524
2006 5 -0.100557
2006 6 0.0363505
2006 7 0.142308
2006 8 0.4181
2006 9 0.662168
2006 10 0.843961
2006 11 0.642019
2006 12 0.235713
2007 1 0.278836
2007 2 0.259036
2007 3 0.242067
2007 4 0.178659
2007 5 0.378845
2007 6 0.130473
2007 7 0.156188
2007 8 0.431046
2007 9 0.47844
2007 10 0.350088
2007 11 0.128408
2007 12 -0.153049
2008 1 0.179888
2008 2 0.0403544
2008 3 0.235875
2008 4 -0.0706823
2008 5 0.290955
2008 6 0.312346
2008 7 0.349046
2008 8 0.31503
2008 9 0.329482
2008 10 0.308815
2008 11 0.0269218
2008 12 0.0170331
2009 1 0.0946131
2009 2 0.275878
2009 3 0.230911
2009 4 0.206002
2009 5 0.364639
2009 6 0.193807
2009 7 -0.0887873
2009 8 0.0913029
2009 9 0.134683
2009 10 0.260654
2009 11 0.0708803
2009 12 0.225148
2010 1 0.349393
2010 2 0.137166
2010 3 0.594844
2010 4 0.446969
2010 5 0.0770427
2010 6 -0.0460099
2010 7 0.104414
2010 8 0.138616
2010 9 -0.020861
2010 10 -0.156825
2010 11 -0.333844
2010 12 -0.135141
2011 1 0.250059
2011 2 0.346554
2011 3 0.504152
2011 4 0.239547
2011 5 0.0202659
2011 6 0.15024
2011 7 0.328865
2011 8 0.540381
2011 9 0.441699
2011 10 0.633617
2011 11 0.479931
2011 12 -0.0594283
2012 1 0.103374
2012 2 0.0286208
2012 3 0.162015
2012 4 -0.176978
2012 5 -0.227527
2012 6 0.106739
2012 7 0.651825
2012 8 0.838769
2012 9 0.695195
2012 10 0.388886
2012 11 0.0478703
2012 12 0.331527