G-Month     D-Month      Mass Variation [GT]
      4 2002.287671    1.756626364617e+02
      5 2002.371233    8.693292611756e+01
      8 2002.623288    1.422412737409e+01
      9 2002.706849   -3.085894742816e+01
     10 2002.790411    8.687050384567e+00
     11 2002.873973   -1.470343335240e+01
     12 2002.957534   -1.256882555629e+02
     13 2003.042466   -1.411546404035e+02
     14 2003.123288    2.517670618080e+00
     15 2003.204110    7.255813526111e+01
     16 2003.287671    1.035168095892e+02
     17 2003.371233    7.903357047010e+01
     19 2003.538356    4.399619992961e+01
     20 2003.623288   -1.813984367762e+00
     21 2003.706849   -3.001540802885e+01
     22 2003.790411   -1.735444601019e+01
     23 2003.873973   -5.171429561315e+01
     24 2003.957534    9.262771946490e+00
     25 2004.042466   -3.320567871095e+01
     26 2004.123288   -3.555918204108e+01
     27 2004.204110    2.148947927805e+01
     28 2004.287671    4.458499554079e+01
     29 2004.371233   -7.027691669399e+00
     30 2004.454795   -1.360836460769e+00
     31 2004.538356   -6.785197003591e-01
     32 2004.623288    9.804542211428e+01
     33 2004.706849   -1.448674491203e+02
     34 2004.790411    2.713117877439e+00
     35 2004.873973   -3.064379348125e+01
     36 2004.957534   -6.876223603634e+00
     37 2005.042466   -5.098891847618e+01
     38 2005.123288    1.166197254053e+02
     39 2005.204110    9.932310801736e+01
     40 2005.287671    1.126480226545e+02
     41 2005.371233    1.266588722294e+02
     42 2005.454795    1.139852653554e+02
     43 2005.538356    6.493786189602e+01
     44 2005.623288   -1.145313215481e+01
     45 2005.706849   -2.166566071172e+00
     46 2005.790411   -4.787715765987e+01
     47 2005.873973   -4.890583168141e+01
     48 2005.957534   -1.333192007492e+02
     49 2006.042466    2.186571082541e+01
     50 2006.123288    4.596619652155e+01
     51 2006.204110    8.810251490870e+01
     52 2006.287671    7.078620238518e+01
     53 2006.371233    4.327980543997e+01
     54 2006.454795    1.202253127692e+02
     55 2006.538356    2.528501982471e+01
     56 2006.623288   -8.925286596341e+00
     57 2006.706849    3.221342940137e+01
     58 2006.790411   -7.619508662517e+01
     59 2006.873973   -6.167602566664e+01
     60 2006.957534    1.273579448602e+01
     61 2007.042466   -4.833774686108e+01
     62 2007.123288   -2.135990197715e+01
     63 2007.204110    6.554450336370e+01
     64 2007.287671    9.623910137203e+01
     65 2007.371233    3.602846122394e+01
     66 2007.454795    3.192625193189e+01
     67 2007.538356    2.342414283674e+01
     68 2007.623288   -1.465163446770e+01
     69 2007.706849   -1.620685052016e+01
     70 2007.790411   -4.881467152004e+01
     71 2007.873973   -7.933338120192e+01
     72 2007.957534   -6.450677720374e+01
     73 2008.042466   -5.779184819243e+01
     74 2008.123288   -1.546270281346e+00
     75 2008.204110    2.772500980639e+01
     76 2008.287671    2.280736954043e+01
     77 2008.371233    4.459937580320e+01
     78 2008.454795   -1.289944752261e+01
     79 2008.538356    5.306420997887e+01
     80 2008.623288   -7.713855183503e+01
     81 2008.706849   -5.762216420640e+01
     82 2008.790411   -3.881542126085e+01
     83 2008.873973   -7.920209929804e+01
     84 2008.957534   -5.246212579008e+01
     85 2009.042466   -5.853301438478e+01
     86 2009.123288    1.285593624124e+01
     87 2009.204110    1.520087725641e+01
     88 2009.287671    6.675990478373e+01
     89 2009.371233    2.372701748370e+01
     90 2009.454795    2.383537917347e+01
     91 2009.538356    3.299205471090e+01
     92 2009.623288   -7.173895688958e+01
     93 2009.706849    1.291537481345e+01
     94 2009.790411   -4.475566812692e+01
     95 2009.873973   -6.446691406977e+01
     96 2009.957534   -9.660322393628e+01
     97 2010.042466   -3.476214324431e+01
     98 2010.123288   -1.703107223741e+01
     99 2010.204110    4.649394035737e+01
    100 2010.287671    3.423935388110e+01
    101 2010.371233    7.088106608570e+01
    102 2010.454795    6.099779304513e+01
    103 2010.538356    2.246819620517e+01
    104 2010.623288    3.709751690894e+01
    105 2010.706849   -1.347246958329e+01
    106 2010.790411    1.404852154777e+01
    107 2010.873973   -5.297348336409e+01
    108 2010.957534   -2.557089796683e+01
    110 2011.123288    6.899525830033e+01
    111 2011.204110    6.196573238468e+01
    112 2011.287671    9.240633817986e+01
    113 2011.371233    7.637250821162e+01
    115 2011.538356    7.936124411823e+00
    116 2011.623288   -2.112096108975e+01
    117 2011.706849   -6.206740002563e+00
    118 2011.790411   -1.360137159725e+01
    119 2011.873973   -3.306739801024e+01
    120 2011.957534   -6.879036787624e+01
    121 2012.042466   -6.791414184427e+01
    122 2012.123288   -9.326622321350e+01
    123 2012.204110   -4.846617563643e+01
    124 2012.287671   -1.109023374056e+02
    126 2012.454795    1.251043019055e+02
    127 2012.538356    3.029126500749e+00
    128 2012.623288   -1.694217401525e+01
    129 2012.706849   -4.162869051696e+01
    131 2012.873973   -3.870602491640e+01
    132 2012.957534   -9.041384650880e+01
    133 2013.042466   -4.314159913134e+01
    134 2013.123288   -7.479012470970e+00
    136 2013.287671    4.216826086711e+01
    137 2013.371233    3.652033183178e+01
    138 2013.454795    4.930888031844e+01
    139 2013.538356   -2.202391481619e+01
    142 2013.790411   -8.388723252459e+01
    143 2013.873973   -8.624680905702e+01
    144 2013.957534   -4.134990345241e+01
    145 2014.042466   -9.523031435349e+01
    147 2014.204110   -2.408020619023e+01
    148 2014.287671    2.586585124156e+01
    149 2014.371233    6.511504916514e+01
    150 2014.454795    2.430329107139e+01
    152 2014.623288    2.678251741973e-01
    153 2014.706849   -6.431714877731e+01
    154 2014.790411   -4.085828525607e+01
    155 2014.873973   -6.328175644179e+01
    157 2015.042466   -7.184459539019e+01
    158 2015.123288   -2.503932729950e+01
    159 2015.204110    3.227841622966e+01
    160 2015.287671    7.782154903457e+01
    161 2015.371233    9.909803027722e+01
    163 2015.538356    1.067103299222e+01
    164 2015.623288    1.972733669564e+01
    165 2015.706849   -4.522936035597e+01
    168 2015.957534   -2.173203159689e+01
    169 2016.042466   -3.700651929564e+01
    170 2016.123288   -3.751033642033e+01
    171 2016.204110    1.497703516017e+01
    173 2016.371233    1.036246156034e+02
    174 2016.454795    5.462052257015e+01
    175 2016.538356    1.971832045143e+01
    176 2016.623288   -3.583352915252e+01
    179 2016.873973   -3.954372535052e+01
    180 2016.957534   -2.077695508296e+02
    181 2017.042466    1.108862785564e+01
    183 2017.204110    4.523910089838e+01
    184 2017.287671    5.147703575152e+01
    185 2017.371233    8.974395828596e-01
    186 2017.454795    5.573128187719e+01
